   1.0533942e+00  -1.5223241e+00  -1.3893185e+00   1.9777892e+00  -8.9158913e-01   1.6861446e+00   8.8894989e-02   1.8114822e-01   1.1195924e+00
   1.7430697e+00  -1.5261486e+00  -1.3939736e+00   1.9777892e+00  -8.9158913e-01   1.6861446e+00   8.8894989e-02   1.8114822e-01   1.1195924e+00
  -7.3181706e-01  -7.4897385e-01  -5.8107832e-01   1.6788599e+00  -1.6345570e+00   1.6343079e+00   2.7857698e-01   8.9168961e-01   2.6308151e+00
  -8.4543260e-01  -3.2581280e-01  -4.6712646e-02   9.5997838e-02  -3.7130153e-01   1.8250065e-01   4.6517798e-01   1.6951623e-01   1.7199173e-01
  -1.3070699e+00  -1.2038879e+00  -1.2337609e+00  -1.2235331e+00   2.7683223e-01  -1.7216004e+00  -6.3018194e-01  -2.8415390e-01  -1.1392137e+00
  -2.8471642e-01  -1.3238845e-01  -2.5425213e-01  -1.3893384e+00   1.1906296e+00  -1.4378520e+00  -1.1504679e+00  -9.9663021e-01  -1.3166193e+00
  -6.9908898e-01  -6.7348839e-01  -5.6168211e-01  -3.6816170e-01   1.5824512e-01  -1.7862533e-03   2.1534965e-01   1.1018633e-01  -2.5867274e-01
  -1.4370794e+00  -1.2298672e+00  -1.2027269e+00  -1.1620933e+00   4.4287533e-02  -1.3351125e+00  -6.3446854e-01  -2.2171914e-01  -9.5843720e-01
  -1.0074069e+00  -6.9730248e-01  -7.0327446e-01  -2.9227462e-01  -2.3989419e-01   2.4064167e-03  -1.0127609e+00  -1.0180268e+00  -1.0079978e+00
  -3.6641101e-01  -3.8647326e-01  -5.5780286e-01  -8.0475069e-01   2.7505164e-01  -9.2693700e-01  -2.1719495e-01   1.8402810e-01   7.9704556e-01
  -1.2751003e+00  -1.2021752e+00  -1.1261119e+00   6.8465605e-01  -3.5313954e-01   1.1931247e+00  -7.2435315e-01  -1.0923185e+00  -9.0321298e-01
   1.2041779e-01  -3.3626020e-03  -1.0102204e-01  -4.6308485e-01   5.4356420e-01  -2.8435315e-01  -5.4471788e-01  -9.5547951e-01  -7.2567622e-01
   1.2058797e-01   6.6207157e-01   7.2428683e-01  -5.6904302e-01   6.3992958e-01  -5.0599293e-01  -2.6274006e-01  -3.7957223e-01  -1.0369602e+00
   5.5841297e-01   3.1172595e-01   1.4627967e-01  -6.1827883e-01   4.0004887e-01  -1.6549096e-01  -2.4036937e-01  -4.0281371e-01  -8.0121469e-01
  -1.1941026e+00  -1.1418047e+00  -1.1125346e+00  -7.1052080e-02  -7.2875108e-02  -1.3938206e-01  -1.4365299e-01   1.0332413e-01  -5.3421412e-01
   7.4525462e-01   7.6849119e-01   7.6792831e-01   1.0822829e-01  -2.8262829e-01   5.5278964e-01  -1.7868110e-02  -1.0693920e+00  -2.8677630e-01
  -4.1383057e-02   6.3858493e-02  -9.8112611e-02  -1.3144652e+00   5.7062913e-01  -1.1452226e+00  -9.5529366e-01  -9.7197129e-01  -1.1065893e+00
  -8.7165646e-03   1.8637456e-01   8.7121225e-02  -1.4602860e+00   9.6983679e-01  -1.5988695e+00  -5.2382071e-01  -4.4776674e-01  -2.6060516e-01
   2.9290345e-02  -4.8567110e-01  -6.2471980e-01  -1.3804153e-01   9.1188201e-02  -5.2062916e-01  -2.0420120e-01  -3.7356499e-01   6.9835726e-04
   9.7645737e-01   9.5952523e-01   7.8247547e-01  -7.3871835e-01   2.6981816e+00  -7.5574266e-01  -9.7002884e-01  -9.2929065e-01  -1.3223044e+00
  -8.7740540e-01  -5.8460194e-01  -5.8107832e-01  -6.3163284e-01  -2.1710268e-01  -3.8888404e-01  -3.8437230e-01   1.4607226e-01   4.2093970e-01
  -5.8993864e-01  -5.7890588e-01  -5.3258779e-01  -4.7575791e-01   3.5660254e-01  -9.7836511e-02  -5.0158398e-01  -5.2172100e-01  -1.8818469e+00
  -9.5076927e-01  -9.2670861e-01  -8.8365924e-01   5.4369752e-01  -4.4131422e-01   1.8078547e-01  -1.3293649e-01   5.1688891e-02   3.8362733e-01
  -8.1276124e-01  -3.6394332e-01  -1.1459939e-01   7.6583459e-02  -3.0141014e-02   1.3866819e-01   2.1534965e-01   1.1011883e-01  -1.7102445e-01
  -9.5907569e-01  -1.0375529e+00  -1.0310705e+00   1.5710103e+00  -1.8676147e-01   1.6268755e+00  -5.1297026e-01  -1.0541827e+00  -3.3862237e-01
  -1.7071602e-02   4.2854285e-02  -5.5440942e-02  -1.3505210e+00   1.9470231e+00  -1.4251787e+00  -7.1403853e-01  -4.3048750e-01  -3.7622580e-01
  -1.0234200e+00  -8.7577468e-01  -7.2170086e-01  -3.9306522e-01  -5.2265145e-01  -9.8027087e-02   3.7274820e-01   6.8091884e-01  -8.7501032e-02
  -6.1806700e-01  -4.7165982e-01  -6.0338396e-01  -7.2546648e-01   2.3587872e-01  -8.0157617e-01  -2.5523851e-01   2.0301726e-01  -6.4312856e-01
   1.8567420e+00  -1.5261486e+00  -1.3939736e+00   1.9777892e+00  -8.9158913e-01   1.6861446e+00   8.8894989e-02   1.8114822e-01   1.1195924e+00
  -1.7972335e-01  -1.0155600e-01  -7.6776777e-02   1.5194091e-01   4.2116663e-01   5.2839592e-01  -4.1846271e-02  -4.8084029e-01  -9.6980507e-01
  -8.2106766e-01  -9.2703919e-01  -1.0650138e+00  -1.0232714e-02  -5.5388295e-01  -1.5691504e-01  -4.9481775e-02   2.0632462e-01  -1.6370034e-01
  -1.1923765e+00  -1.5138080e+00  -1.3902883e+00   1.9777892e+00  -5.1289383e-01   1.6861446e+00  -3.0614187e-01   1.0456158e-01   1.9371008e+00
  -1.0358797e-01  -2.2121133e-01  -3.3862565e-01   5.9804038e-01   4.6019710e-01   5.1448388e-01  -4.0861837e-01  -4.3487480e-01  -6.1562380e-01
   5.1227382e-02   6.4573355e-01   7.3107550e-01  -7.1826742e-01   7.5627315e-01  -6.4890581e-01  -1.1676142e+00  -9.9334535e-01  -1.2219785e+00
   2.6891614e-02  -1.4195281e-02  -1.4757295e-01  -9.8465904e-01   1.1995325e+00  -9.4881512e-01  -1.1506018e+00  -9.9404282e-01  -1.3316611e+00
  -1.1586403e+00  -1.3581162e+00  -1.4150185e+00   1.7026248e+00   3.2882538e-01   1.6181090e+00  -6.8135321e-01  -4.5348149e-01  -2.4231637e-01
  -1.6885895e+00  -1.4328465e+00  -1.2308515e+00   1.9777892e+00  -5.5883298e-01   1.6861446e+00  -8.6661465e-01  -5.8255834e-01   5.6293666e-01
  -9.5605708e-02  -1.2736626e-01  -2.3097667e-01   3.1964529e-01  -5.0805063e-01   4.7998964e-01  -6.9635631e-01  -9.8153337e-01  -4.4189224e-01
   1.8763484e-02   5.1308409e-01   5.0510962e-01  -9.4911015e-01   1.0499632e+00  -7.7548633e-01  -1.1656049e+00  -9.9750767e-01  -1.0901232e+00
   2.5716561e-02  -1.9348120e-01  -3.0662190e-01   5.3428162e-01   3.5457267e-01   5.8594985e-01   1.4817205e-02  -4.0420865e-01  -2.7364540e-01
   7.1656710e-01   4.2597765e-01   2.4423055e-01   6.5264709e-02   1.2506710e+00  -3.3207336e-01  -5.7874276e-01  -4.8448513e-01  -1.7386343e-01
   1.4866973e+00   1.0344004e+00   7.6889812e-01  -5.2693062e-01   1.8825658e+00  -2.8401012e-01  -5.6039075e-01  -3.5567827e-01  -9.4019374e-01
  -7.4430430e-02  -1.3074829e-01  -1.8539557e-01   1.0695342e-01  -5.5425353e-02   4.3977813e-01  -3.8450625e-01  -1.0313012e+00  -1.0305331e+00
  -1.0674846e-01  -1.2392065e-01  -2.7558796e-01  -5.7850810e-01  -4.3996098e-01  -3.9275273e-01  -3.2261848e-01  -4.7674547e-01  -7.0180838e-02
  -5.4198025e-01  -7.5756879e-01  -7.1685181e-01   1.4028406e+00  -2.8269951e-01   1.2508692e+00   4.0007526e-01   6.5769985e-01   7.4727983e-01
  -3.3338795e-01  -6.6209939e-02  -1.5921068e-01  -1.4017883e+00   9.7945196e-01  -1.5211336e+00  -7.3815064e-01  -4.4859920e-01  -1.4015347e-01
   9.8050037e-01   8.0671072e-01   6.3312462e-01  -8.5457286e-01   1.4497763e+00  -1.0514784e+00  -7.7472069e-01  -1.0065073e+00  -8.4285473e-01
  -1.8104305e+00  -1.4699853e+00  -1.2919495e+00   9.4951934e-01  -7.9956838e-01   1.4275331e+00  -7.4792945e-01  -5.8276083e-01   1.0489518e+00
  -5.2841445e-01  -3.4818057e-02   5.7057094e-02  -5.2870485e-01   4.0930792e-01  -2.7480530e-01  -7.8034685e-01  -1.0351485e+00  -9.8930818e-01
   2.1565833e+00   1.9601876e+00   1.7668333e+00   1.3376357e-01   3.2426707e-01   3.8603572e-01   5.8292549e-01  -4.4299695e-01  -1.1567617e-01
  -3.7404481e-01   1.7719476e-01   1.4143062e-01  -1.1102964e+00   5.6599960e-01  -1.3231443e+00  -8.9581710e-01  -6.1070460e-01  -1.2055673e+00
  -6.4230552e-01  -1.2298672e+00  -1.2027269e+00  -1.1620933e+00   4.4287533e-02  -1.3351125e+00  -6.3446854e-01  -2.2135915e-01  -9.5843720e-01
  -2.2525870e-01  -1.8370382e-01  -2.9207474e-01   2.9245757e-03   4.6874392e-01   9.0833638e-02  -7.4123164e-01  -9.8115088e-01  -7.0987810e-01
  -9.0411160e-02  -1.5357066e-01  -3.0274266e-01  -7.0942276e-01  -2.4623308e-01  -4.1707022e-01  -4.6112920e-01  -5.5969934e-01  -1.6730275e-01
  -2.0408342e-01  -2.8533011e-01  -4.4045577e-01  -6.3463654e-01  -3.8547501e-01  -4.7963629e-01  -1.3561562e-01   4.8921512e-02   3.8360347e-01
  -4.6339752e-01   1.3195688e-01   1.6276646e-01  -1.0901406e+00   2.7683223e-01  -1.1246214e+00  -6.4130031e-01  -3.8317207e-01  -1.4568829e-01
  -4.8841400e-01  -3.9965810e-01  -5.0931233e-01  -3.8977022e-01   1.2726290e-01  -2.8084656e-01  -4.8811994e-02   1.9287021e-01  -1.3378364e-01
   9.3244472e-01   9.4840012e-01   8.3872448e-01  -4.0738864e-02   8.3251790e-01  -3.4933954e-01  -4.3192675e-01  -4.8160526e-01  -3.5086341e-01
  -1.0070584e+00  -6.5517964e-01  -6.5672355e-01  -1.0475288e+00   2.0427664e-02  -8.2877135e-01  -8.4263649e-01  -4.5125409e-01  -9.7293511e-01
  -2.6872759e-01  -2.2824240e-01  -3.5026338e-01  -1.2786477e+00   6.7283483e-01  -1.2244260e+00  -9.9481074e-01  -9.9215290e-01  -9.1296811e-01
   6.1525316e-01  -1.5301054e+00  -1.3989196e+00   1.9777892e+00  -9.8987754e-01   1.6861446e+00   1.5908804e-01   1.3642018e-01   7.8232578e-01
   5.4207568e-01   2.6717465e-01   9.6819331e-02  -4.5914296e-01   2.0632097e-01  -1.4490876e-01  -1.9281492e-01  -3.9919137e-01  -6.8094908e-01
  -1.2670937e+00  -9.7440037e-01  -7.8667818e-01   1.8773948e-01  -1.0468563e+00   2.9227237e-01   3.9257371e-01   6.8541864e-01   4.3897560e-01
  -1.3560980e+00  -1.1081865e+00  -9.4669694e-01  -5.5572685e-01   2.2564369e-02  -2.3425075e-01  -1.6763115e-01   8.4514953e-02  -4.0057666e-01
  -1.4423672e-01  -2.9259004e-01  -4.9088593e-01   2.0625254e-02   4.1169391e-01   2.8705892e-02  -9.3345880e-01  -9.3946021e-01  -7.2888022e-01
  -3.9073057e-01  -4.2070045e-01  -5.5489343e-01  -1.0599560e+00   4.4965603e-01  -7.9793617e-01  -7.8731257e-01  -9.9197291e-01  -1.1371835e+00
  -1.8805407e-01  -1.5568126e-01  -1.3011636e-01   5.2758192e-01  -2.1557137e-01   8.9392052e-01  -6.7565863e-02  -3.6769275e-01  -7.8669531e-01
  -1.3609603e+00  -1.0109162e+00  -8.1189325e-01   7.1953061e-02  -4.8312241e-01   2.3376557e-01  -8.0579853e-01   4.3229261e-02   6.4113996e-01
  -4.2308912e-01  -3.3519604e-01  -1.3690504e-01   6.7386974e-02   4.9629295e-02   3.9499279e-01   6.1802201e-01   6.3522334e-01  -2.7899176e-01
  -1.3887726e+00  -1.2071542e+00  -1.1164138e+00   1.7978004e-01  -5.8497200e-01   4.9561687e-01  -3.5610754e-01  -5.0068442e-01  -6.4348906e-03
   1.1310814e-01   1.0077129e+00   1.1393658e+00  -1.3091500e+00   1.0639586e+00  -1.3777253e+00  -1.1666766e+00  -1.0086222e+00  -1.3113803e+00
   9.8848263e-01   5.6586161e-01   3.9940026e-01  -3.3704648e-01   1.3112110e+00  -8.8687795e-01  -3.7003898e-01  -4.9769205e-01   5.1537659e-02
   1.0128184e+00   1.0770445e+00   1.0297772e+00  -3.9806256e-01   9.8194478e-01  -7.7337093e-01  -3.8638164e-01  -4.9692709e-01   6.2631172e-02
   6.1056105e-01   8.6684988e-01   8.5618108e-01  -4.0500534e-02   7.3618813e-01   3.2707986e-02  -6.1263368e-01  -9.9084796e-01  -6.6941422e-01
  -1.2308576e-01  -2.3592191e-01  -3.4735395e-01  -6.4786193e-01  -1.1454085e-01  -5.4788152e-01  -2.2683980e-01  -4.2952004e-01   3.5483191e-01
  -7.7208818e-01  -2.3665934e-01  -1.2720693e-01  -5.1672785e-01   1.5504006e-01  -4.5777723e-01  -3.6548447e-01  -4.3608975e-01  -4.2614184e-01
   5.1320177e-01   1.1181375e+00   1.2392563e+00  -6.3125832e-01   6.6820531e-01  -5.5834414e-01  -2.9462164e-01  -3.9439908e-01  -2.4473308e-01
  -9.1007190e-01  -9.3541799e-01  -1.0359195e+00  -7.8865401e-01   2.7642384e-03  -7.9197114e-01  -1.4847541e-01   1.3279784e-01   8.0651680e-01
  -1.0560703e+00  -1.0586308e+00  -1.1978779e+00  -1.5289411e+00   2.2590743e-01  -1.5394289e+00  -7.3828460e-01  -4.1041837e-01  -1.0356313e+00
   4.6089972e-01   2.9223476e-01   1.4530986e-01  -1.9603499e-01  -2.8775638e-01   9.4264005e-02  -2.0272768e-01  -1.0657697e+00   6.9958965e-01
  -1.0640931e+00  -5.3780019e-01  -3.3183698e-01  -5.5984276e-01  -1.1266789e-02  -6.1023796e-01  -9.6366448e-02   2.5352755e-01  -2.3927937e-01
   1.1264907e+00   1.2108002e+00   1.1684601e+00  -5.4750638e-01   1.0426272e+00  -8.3237324e-01  -3.8316669e-01  -4.9692709e-01   2.7953916e-01
  -1.0674846e-01  -3.7488083e-02  -1.8345595e-01  -5.7592809e-01  -5.8297774e-01  -2.6548614e-01  -5.2127554e-01  -1.0687395e+00  -2.5647074e-01
  -8.3710511e-01  -3.8843128e-01  -2.4261440e-01  -1.2088938e-01  -1.5955410e-01  -2.4776258e-01   3.7690084e-01   7.3079915e-01   4.9277318e-01
   5.0541400e-01   5.6648462e-01   5.0510962e-01   4.7165398e-01   9.5701656e-01   2.4043573e-01  -4.1196728e-01  -4.6257109e-01  -3.6233386e-01
   1.4062750e+00   1.3834619e+00   1.2528336e+00   4.5317022e-01   1.0238242e+00   2.0174882e-01  -5.5396086e-01  -9.9334535e-01  -5.2244307e-01
  -2.6037255e-01   5.6798492e-01   6.3409444e-01  -1.2698635e+00   7.9605147e-01  -1.2548229e+00  -1.1649351e+00  -9.9577524e-01  -1.0500887e+00
  -2.2790865e-01   6.0895075e-01   7.3592455e-01  -9.3286593e-01   6.3355508e-01  -1.0656191e+00  -1.1673463e+00  -9.9141043e-01  -8.9893541e-01
  -6.0626784e-01  -3.3679805e-01  -3.0177285e-01  -4.8773965e-02   3.0275758e-01  -4.8286775e-02  -4.6327250e-01  -5.1944860e-01  -1.6096741e+00
  -9.9978117e-01  -1.1059093e+00  -1.1678138e+00   5.6527956e-01  -2.4167478e-01   3.9480221e-01   5.8085061e-02   2.0384973e-01   1.2327463e+00
   4.7718840e-01   2.4934905e-01   1.3464195e-01  -1.1082158e+00   6.2440286e-01  -1.0369946e+00  -5.3480512e-01  -9.8769810e-01  -1.0667337e+00
  -4.4706022e-01   2.8488583e-01   3.8000404e-01  -1.1667994e+00   7.6613761e-01  -1.3103376e+00  -7.2395129e-01  -4.4855421e-01   1.5775992e-02
  -6.3372358e-01  -3.0742776e-01  -2.2709743e-01  -7.7179694e-01   4.5976976e-01  -5.7890728e-01  -4.9716342e-01  -4.7069324e-01  -5.8462161e-01
   6.9858061e-02  -2.8171922e-01  -4.1718032e-01   6.8034343e-01   4.7607994e-01   7.4717707e-01   7.1346725e-02   2.0380473e-01   5.5496842e-01
   4.7309597e-01   3.5498038e-01   2.4810979e-01  -1.0632245e+00   8.7831460e-01  -6.9169010e-01  -8.6594487e-01  -9.6915891e-01  -9.8405009e-01
  -4.4429682e-01  -5.5949097e-01  -5.1222176e-01   8.9423451e-01   9.7420257e-02   1.1818807e+00  -6.4839998e-01  -1.0286013e+00  -1.2083204e+00
  -3.3893097e-01  -5.5659209e-01  -7.0424427e-01  -3.8699349e-01   3.1255081e-01   8.1236939e-03  -7.8744653e-01  -9.8301830e-01  -1.0648681e+00
  -3.3858250e-01  -1.9171390e-01  -2.9207474e-01  -7.5446700e-01   9.5965183e-01  -5.5563796e-01  -8.5134364e-01  -9.8151087e-01  -7.1102563e-01
  -7.6410591e-01  -7.2451132e-01  -5.4131608e-01   5.1949007e-01  -4.7528783e-01   6.7113728e-01   9.5719913e-01   1.2613709e+00   3.1086343e-01
  -2.2004795e-01  -3.5987783e-02  -4.9622078e-02  -4.4343970e-01   3.7437280e-01  -4.0282587e-02  -7.9722533e-01  -9.6045179e-01  -2.9434375e-01
  -1.0640931e+00  -9.5848193e-01  -9.1372337e-01  -2.5252281e-01  -2.6232959e-01   1.4762526e-01  -3.7258415e-01  -2.4327319e-01  -1.8519551e-01
   5.9990453e-01   1.2376021e+00   1.3061732e+00  -1.2503319e+00   4.9595130e-01  -1.2568430e+00  -5.2690170e-01  -9.0778160e-01  -8.2164345e-01
  -1.3234072e+00  -1.0989838e+00  -1.0659836e+00  -8.6823329e-01   9.6280681e-02  -1.3579054e+00  -9.1818779e-01  -6.4832296e-01  -1.6413658e+00
  -5.0440284e-01  -5.4610270e-01  -6.8387825e-01  -9.9962839e-01   2.6126990e-01  -7.2355439e-01  -7.8731257e-01  -9.9188291e-01  -1.0808332e+00
  -5.7779102e-01  -6.7403511e-01  -6.1599150e-01   7.8269262e-01  -7.0434257e-01   8.1559382e-01   5.3175421e-01   6.4622536e-01   9.1356323e-01
   9.5605925e-01  -1.4848064e+00  -1.3424767e+00   1.9777892e+00  -8.9158913e-01   1.6861446e+00   8.8894989e-02   1.8114822e-01   1.1195924e+00
   1.2908887e-01   1.1427018e+00   1.3953958e+00  -9.4309895e-01   6.1560676e-01  -9.1780842e-01  -1.0345957e+00  -1.0034699e+00  -9.4460729e-01
  -1.7374361e+00  -1.4933899e+00  -1.3519808e+00  -1.2489246e+00  -5.3226662e-01  -1.4648756e+00  -7.1068962e-01  -7.0300768e-02   7.2576080e-01
  -6.4207861e-01  -3.2774539e-01  -2.9498417e-01  -2.0394903e-01  -1.3047376e-02  -2.9390101e-01  -5.2194532e-01  -6.4857045e-01  -9.8915788e-01
  -1.0477558e+00  -8.0728214e-01  -7.0036503e-01  -2.6915668e-01  -8.3176140e-01   1.4343259e-01  -2.0929153e-01  -5.4541246e-01  -1.3428143e+00
   1.0478512e+00  -1.5755950e+00  -1.4527441e+00   1.9777892e+00  -8.9158913e-01   1.6861446e+00   8.8894989e-02   1.8114822e-01   1.1195924e+00
   3.4772990e-01   1.1808069e+00   1.3352675e+00  -9.5787537e-01   6.4541379e-01  -9.7728716e-01  -2.9462164e-01  -4.1062087e-01  -2.6233718e-01
  -2.0408342e-01  -2.8533011e-01  -4.4045577e-01  -6.3463654e-01  -3.8547501e-01  -4.7963629e-01  -1.3561562e-01   4.8921512e-02   3.8360347e-01
  -1.1287372e+00  -9.5375217e-01  -9.8257993e-01  -1.2476270e+00   4.1571803e-01  -1.0245500e+00  -1.1305084e+00  -1.0274989e+00  -1.0600418e+00
   1.2023950e-01   2.3604977e-01   1.2494384e-01  -2.8553806e-02  -1.1608495e+00   4.9599802e-01   4.0020922e-01   8.5797397e-02   1.0545105e+00
  -1.2180656e+00  -1.0309032e+00  -1.0407686e+00  -8.1166981e-01  -5.1508061e-02  -3.3849577e-01  -9.2528747e-01  -9.9006049e-01  -8.8930672e-01
  -2.5341947e-01  -3.2117204e-01  -4.3075767e-01   2.9144581e-02   1.0066093e-01  -5.0764262e-02   1.5085118e-02  -3.9892138e-01  -1.9228105e-01
  -3.3893097e-01  -4.7496556e-01  -6.1211226e-01   1.1365312e-01   4.4609485e-01   5.0622122e-02  -4.1210123e-01  -3.9176669e-01  -2.7403427e-01
  -3.9838058e-01  -2.6889038e-01  -3.9681429e-01  -1.0974455e+00   1.0175565e+00  -1.5166932e+00  -8.8121587e-01  -6.1086210e-01  -1.5334772e+00
  -3.4972525e-01   2.1624072e-01   2.3938150e-01  -8.7511836e-01   7.5958504e-01  -9.6400402e-01  -9.7337775e-01  -9.8598817e-01  -1.2387691e+00
   2.5377950e+00  -1.5538076e+00  -1.4266562e+00   1.9777892e+00  -9.8987754e-01   1.6861446e+00   1.5908804e-01   1.3642018e-01   7.8232578e-01
  -2.0927797e-01  -4.0242984e-01  -5.3355760e-01   2.8346085e-01   2.2216820e-01   3.0161059e-01   7.1346725e-02   2.0841703e-01   6.6304070e-01
   2.0161805e-01   6.2180191e-02  -1.0102204e-01  -1.7366986e-01   5.0923448e-01   2.7149960e-01  -4.2884576e-01  -3.9210418e-01  -7.4361192e-01
   2.2904536e-02   1.6144160e-01   5.9966526e-02   1.1908930e-01  -1.1352091e+00   7.2888178e-01  -7.2120374e-02  -5.6021682e-01   6.4817778e-01
  -9.0767728e-02   1.9536054e-02  -9.1323936e-02   2.2287981e-01  -1.3438939e+00   7.2259278e-01   2.5339321e-01   4.8449032e-02   1.2238237e+00
  -1.3077668e+00  -1.2653786e+00  -1.2395798e+00   6.8832082e-02  -4.0014705e-01   2.9684620e-01  -2.0045042e-01   1.5583683e-01   1.0421048e+00
  -1.6901421e-02   9.2003427e-01   1.0705092e+00  -1.3669317e+00   9.0619860e-01  -1.4865441e+00  -1.1627918e+00  -9.9152293e-01  -1.2117438e+00
  -1.1050984e+00  -1.1441950e+00  -1.1755723e+00   2.6070986e-01  -9.6259895e-01   2.7778860e-01   2.5245552e-01   7.2821177e-01   3.4373840e-01
  -2.1972379e-01   1.3673750e-01   1.1039668e-01  -1.4404093e+00   1.1464710e+00  -1.5508254e+00  -6.5054328e-01  -4.4727176e-01  -2.2300888e-01
  -6.9908898e-01  -2.4250797e-01   7.5967507e-03  -3.2370857e-02   1.5824512e-01  -1.7862533e-03   2.1534965e-01   1.1011883e-01  -2.6462029e-01
   7.9455825e-01  -1.6611948e+00  -1.4886271e+00   1.9777892e+00  -1.0155180e+00   1.6861446e+00  -5.5302316e-01   1.0673186e-02   2.9261281e-01
  -1.7136831e-01   3.7895664e-02  -1.0587110e-01  -2.5199697e-01   7.6257643e-01  -3.7053158e-01  -8.6299783e-01  -9.9039798e-01  -7.0681725e-01
   7.4091097e-01   9.0124237e-01   8.2805657e-01   1.2647372e-01   9.2140481e-01  -9.9932846e-02  -5.9548728e-01  -4.8378766e-01  -1.5532653e-01
  -5.2841445e-01  -3.4818057e-02   5.7057094e-02  -5.2870485e-01   4.0930792e-01  -2.7480530e-01  -7.8034685e-01  -1.0351485e+00  -9.8930818e-01
  -5.6038402e-01  -3.7483957e-01  -4.2978786e-01  -1.7797524e+00   1.4466781e+00  -1.9060207e+00  -1.1176486e+00  -1.0315262e+00  -1.4775182e+00
  -6.3429895e-01  -1.8620113e+00  -1.7450451e+00   1.9777892e+00  -1.0140935e+00   1.6861446e+00  -7.7391695e-01   6.5405501e-01   8.9843788e-01
  -6.5076591e-01  -7.5422490e-01  -7.7891969e-01  -1.1970152e-01  -6.3233562e-01   1.4076453e-01  -9.7036229e-02  -4.2859758e-01  -4.2246070e-01
  -1.0804304e+00  -6.0984004e-01  -4.7730858e-01  -3.5399813e-01   1.0838867e-01  -5.5032089e-01  -1.7674017e-01   1.4393485e-01  -3.8706166e-01
  -4.8841400e-01  -3.9965810e-01  -5.0931233e-01  -3.8977022e-01   1.2726290e-01  -2.8084656e-01  -4.8811994e-02   1.9287021e-01  -1.3378364e-01
  -3.0139408e-01   7.5568466e-02   1.1524573e-01   3.1268834e-01   2.1689766e-01   3.2695719e-01  -3.3695180e-01  -4.9944698e-01  -2.1952576e-01
   1.1262638e+00   6.3420158e-01   4.6049833e-01  -1.5974869e+00   1.5047252e+00  -1.8635795e+00  -4.8684880e-01  -5.0788411e-01  -5.5604201e-02
   1.2075613e+00   8.7513968e-01   6.1469822e-01  -1.0628386e+00   1.6286541e+00  -8.3610852e-01  -5.6012284e-01  -3.5446333e-01  -9.0945874e-01
   7.0009204e-01   7.7374225e-01   6.5833970e-01   2.2926174e-01   9.7788504e-01   5.9388613e-02  -4.5416348e-01  -4.8502511e-01  -6.8749417e-02
   5.1008180e-01   1.1679144e+00   1.3779392e+00   6.5030162e-02   1.5956275e-01  -5.2479445e-02   4.0878242e-01   1.2422571e-01  -1.9438047e-01
   9.9412687e-02   3.8363866e-01   2.8011355e-01  -3.2365465e-01   7.2977801e-01  -3.2355462e-01  -7.4109768e-01  -9.8020593e-01  -8.1077420e-01
   4.8269488e-02   3.3813378e-01   3.0047957e-01  -1.4286820e+00   1.1051614e+00  -1.7303860e+00  -5.9629102e-01  -5.8462825e-01  -4.9515303e-01
  -7.6408160e-01  -7.9896692e-01  -7.9734609e-01  -2.0158087e-01  -7.9543742e-01  -1.6796845e-01   1.2600086e-01   7.7315268e-02  -8.1703777e-02
  -6.1774285e-01  -5.4183066e-01  -4.8506706e-01  -1.6226032e-01  -4.4741829e-02   1.0245877e-01  -1.8671847e-02   1.0332413e-01  -6.8954000e-01
  -2.0338650e-01   5.8416725e-02   2.0204289e-02  -1.2587037e+00   9.7339796e-01  -1.2363370e+00  -6.1678632e-01  -4.4805923e-01  -3.0078514e-01
  -2.2790865e-01   4.3695019e-01   4.8474359e-01  -1.2451719e+00   5.0236141e-01  -1.2670959e+00  -1.1670784e+00  -9.9152293e-01  -1.1820776e+00
  -2.2790865e-01   6.0895075e-01   7.3592455e-01  -9.3286593e-01   6.3355508e-01  -1.0656191e+00  -1.1673463e+00  -9.9141043e-01  -8.9893541e-01
   2.2642384e-01   8.3025781e-01   8.6296975e-01  -9.0628275e-01   7.0050516e-01  -9.3785700e-01  -8.4477979e-01  -1.0036499e+00  -9.7325241e-01
  -1.0880804e+00  -8.4253921e-01  -8.0413477e-01  -1.4634845e+00   1.1649892e+00  -1.7617548e+00  -8.4692309e-01  -4.5080411e-01  -1.9111205e-01
  -3.9838058e-01  -3.0042212e-01  -4.2978786e-01  -1.0914684e+00   1.0175565e+00  -1.5166932e+00  -9.1925944e-01  -5.8390828e-01  -1.5430677e+00
  -1.7540976e+00  -1.6804495e+00  -1.6461244e+00   1.8525869e+00  -9.4012794e-01   1.6461236e+00  -8.4062714e-01  -4.0303870e-01   1.8004955e+00
   6.0172789e-01   5.8597581e-01   5.8075485e-01  -3.1557415e-01   8.0883609e-01  -4.5400383e-01  -5.9897014e-01  -9.9084796e-01  -1.7846784e-01
   2.6109157e+00   2.3965081e+00   2.2197349e+00   9.3414046e-02   3.6806952e-01   3.9232473e-01   7.1433653e-01  -4.2378279e-01  -1.1076162e-01
   2.3999085e+00   2.1735736e+00   1.9947388e+00   2.0575037e-01   2.9542156e-01   5.1276870e-01   7.1540818e-01  -4.5395397e-01  -5.4793063e-02
  -6.0175401e-01  -7.5733034e-02   1.9670983e-01  -1.6025911e-01   1.5290336e-01  -1.0888991e-01   3.4006288e-01   1.3932255e-01  -2.0623740e-01
   1.0817171e+00   1.1671134e+00   1.0520828e+00   1.2798218e-02   4.1497019e-01   3.4042017e-02  -3.2476178e-01  -4.3397484e-01  -6.8950421e-01
  -9.2606073e-01  -8.8949353e-01  -1.0058554e+00  -1.2025677e+00   2.0525262e-01  -1.5480811e+00  -2.9395186e-01   1.0426909e-01  -4.8542652e-01
  -9.5605708e-02  -1.0530676e-01  -2.0479178e-01   1.7962494e-01   2.4481727e-01   3.2791007e-01  -2.5697994e-01  -3.8152964e-01   2.8755512e-01
   3.9590298e-02   1.0084472e-01   5.6087284e-02  -7.0356667e-01   2.4620613e-01  -8.2781014e-02  -6.0298883e-01  -1.0693245e+00  -5.9645469e-01
   1.5602995e-02   1.2387052e-01   7.0634443e-02  -1.4423984e+00   2.0460237e+00  -1.5797357e+00  -6.4156822e-01  -4.6209861e-01  -3.9052093e-01
  -9.4134930e-03   2.3210519e-02  -1.2429750e-01  -4.9879263e-01  -1.4003886e-01  -4.3141225e-02  -6.9555257e-01  -1.0454981e+00   6.2780389e-01
   1.6462291e+00  -1.5799853e+00  -1.4577872e+00   1.9777892e+00  -8.9158913e-01   1.6861446e+00   8.8894989e-02   1.8114822e-01   1.1195924e+00
   4.7025153e-01   1.1362810e+00   1.1859167e+00  -1.5390440e+00   1.2616038e+00  -1.7137106e+00  -1.1326517e+00  -1.0044824e+00  -1.2811558e+00
   1.0622436e+00   8.3924690e-01   6.8743402e-01   1.8529945e-01   1.1978588e+00  -6.0864785e-02  -4.3286444e-01  -9.9775516e-01  -3.2614992e-01
  -1.4534086e+00  -1.2194974e+00  -1.2473382e+00  -1.0650063e+00  -5.3288648e-02  -1.3231443e+00  -5.3105435e-01  -5.8488785e-02  -1.0206396e+00
   4.8077839e-01   2.3531234e-01   9.5849521e-02   3.8466001e-01   1.1056244e+00   7.8224303e-01  -5.3493908e-01  -9.7068884e-01  -5.9091986e-01
   7.8510920e-01   1.3941674e+00   1.5932372e+00  -1.0143367e+00   7.2874527e-01  -1.1286235e+00  -8.6051820e-02  -4.0819097e-01  -3.2200468e-02
   3.2314291e-01   8.0791858e-01   9.0952066e-01  -1.3196819e+00   8.1681312e-01  -1.4327064e+00  -9.5850861e-01  -1.0065073e+00  -1.0678598e+00
   7.6949314e-01   8.6800689e-01   8.0672073e-01  -7.3437167e-01   1.2916601e+00  -9.8287103e-01  -8.3111625e-01  -1.0065073e+00  -8.1520206e-01
  -8.9714232e-02   2.0580219e-01   1.7537399e-01  -1.4553352e+00   1.1724676e+00  -1.5814128e+00  -6.1571467e-01  -4.4805923e-01  -3.7643574e-01
  -2.5311153e-01  -2.6861066e-01  -2.4649364e-01   1.2288375e+00  -1.0196490e+00   1.5632231e+00  -3.5650941e-01  -1.0669846e+00  -3.0363478e-02
  -1.4670028e-01   5.6891307e-01   5.8269447e-01  -1.3193490e+00   9.3814233e-01  -1.2962922e+00  -1.1645333e+00  -9.9577524e-01  -1.0904166e+00
  -3.0942496e-01  -2.2721254e-01  -2.6346622e-02   7.8331207e-02   2.8431069e-01   2.8007552e-01   6.1507498e-01   6.3661828e-01  -3.6053743e-01
  -5.5379561e-01  -6.1025962e-01  -5.5586324e-01   1.9777892e+00  -1.1382361e+00   1.6861446e+00   1.1442020e+00   1.0892985e+00   1.5139250e+00
  -1.3641045e+00  -1.1817076e+00  -1.0417384e+00  -9.6011491e-01   4.2462097e-01  -9.3557009e-01  -5.7325055e-01  -4.7811791e-01  -5.5044405e-01
   3.7977638e-02  -3.3197929e-01  -4.0651240e-01  -1.2718345e+00   5.2219715e-01  -1.3558471e+00  -9.3881704e-01  -9.2449836e-01  -9.7164206e-01
  -1.3077668e+00  -1.2653786e+00  -1.2395798e+00   6.8832082e-02  -4.0014705e-01   2.9684620e-01  -2.0045042e-01   1.5583683e-01   1.0421048e+00
  -9.5912431e-01  -8.4860398e-01  -7.9831591e-01   7.2817574e-01   8.4120421e-04   8.4036869e-01  -5.8128792e-01  -1.0409533e+00  -8.1240124e-01
   2.0134252e-01  -1.7207745e+00  -1.5455550e+00   1.9777892e+00  -1.0140935e+00   1.6861446e+00  -7.7391695e-01   6.5405501e-01   8.9843788e-01
  -1.4297471e+00  -1.4883449e+00  -1.5121935e+00   1.9777892e+00  -1.1052596e+00   1.6861446e+00  -1.4593025e-01   2.7544159e-01   2.4040542e+00
   3.3990971e-01   2.9167532e-01   4.0327950e-01  -7.7692291e-01  -1.7828587e-01  -7.1614099e-01   7.3925238e-01   6.2298387e-01   1.5684253e-01
  -1.0727480e+00  -1.1732957e+00  -1.1784817e+00   1.9777892e+00  -5.0409773e-01   1.6861446e+00  -1.9107349e-01  -4.6846583e-01  -8.3063627e-02
   2.6967595e+00   1.2266932e+00   1.0821470e+00  -1.0525034e+00   2.3325558e+00  -1.3806220e+00  -6.5898252e-01  -1.0088022e+00  -8.0233120e-01
   4.2837910e-01   1.3546606e-01   9.6819331e-02   6.6468557e-01  -1.8687042e+00   8.2931528e-01   1.9479393e+00   1.9783470e+00   8.5005585e-01
   2.9872611e-01   6.1480898e-02   1.6325047e-02   4.5025352e-01  -1.6311738e+00   6.4807759e-01   1.4894072e+00   1.3802782e+00   6.3633166e-02
  -8.1731970e-02   3.2272392e-01   3.1211730e-01  -1.3174235e+00   8.6549437e-01  -1.5580672e+00  -5.3292973e-01  -5.7256877e-01  -1.9094505e-01
  -1.0727966e+00  -9.8850066e-01  -9.4669694e-01   8.4434046e-01  -7.9641340e-02   1.0286577e+00  -2.5657807e-01  -4.2259034e-01  -9.1784475e-03
   1.1834443e+00   2.0816356e+00   2.0985085e+00  -7.2231524e-01   1.2130650e+00  -6.1986204e-01  -4.0272430e-01  -3.9316163e-01  -8.3706940e-01
  -1.7957748e-01  -1.3537634e-01  -1.4369371e-01   1.0864641e+00   4.4477722e-01   8.3179277e-01  -3.8129130e-01  -4.3770968e-01  -7.7536323e-01
   1.3480166e+00   1.3317905e+00   1.3663015e+00   1.2274756e+00  -3.1273657e+00   1.3825571e+00   3.0431652e+00   3.1066726e+00   2.2512023e+00
   6.4770085e-01   1.0950354e+00   1.2014337e+00  -6.3555959e-01  -1.0279109e+00  -8.3294496e-01   1.0959778e+00   6.2674121e-01   9.3207627e-01
   5.3369633e-01   4.2391792e-01   4.1879647e-01   5.9346673e-01  -1.9160678e+00   7.2754775e-01   1.3940303e+00   8.9288206e-01   8.9184031e-02
  -6.9943744e-01  -1.7823662e-01   5.5117473e-02   1.1137736e+00  -1.1960695e+00   9.9416344e-01   1.1020058e+00   1.8978681e+00   1.3047467e+00
  -1.6341036e-01  -1.7571917e-01  -1.5630125e-01  -2.1114052e-01  -1.1568043e-01  -2.4646666e-01   3.2358627e-01   4.2375510e-01   4.0014720e-02
   1.1503726e+00   6.5134060e-01   6.2245671e-01   1.3990424e+00  -3.1220239e+00   1.4254367e+00   6.3851731e-01   2.6119972e-01   5.1889661e-01
   8.9884629e-01   3.5632811e-01   3.0241919e-01   1.0911929e+00  -2.1761760e+00   1.0820189e+00   1.1815758e+00   3.2055212e-01  -1.4723900e-01
  -6.7469250e-02  -2.8643627e-01  -2.4067478e-01   1.5254619e-01   4.6058883e-01   3.0542211e-01  -4.0178660e-01  -4.3181494e-01  -6.7945325e-01
   8.5822584e-02  -2.2332504e-02   1.0360801e-01   1.9112613e+00  -1.4118767e+00   1.6623226e+00   1.8220204e+00   6.3016106e-01   1.2332472e+00
  -1.3635981e-01  -2.9763766e-01  -2.2709743e-01   1.9391647e+00  -1.0813997e+00   1.6731854e+00   5.9524946e-01   1.2514039e+00   1.5088912e+00
  -2.9015165e-01  -4.7313469e-01  -4.2008975e-01   1.2145264e+00   1.0378552e+00   1.2581111e+00  -5.2562768e-02   2.3026357e-01  -1.1624900e-03
   1.3480166e+00   1.3317905e+00   1.3663015e+00   1.2274756e+00  -3.1273657e+00   1.3825571e+00   3.0431652e+00   3.1066726e+00   2.2512023e+00
   2.1250958e-01   2.5836356e-01   2.3550226e-01   9.8940356e-01  -4.9587142e-01   9.4232680e-01   8.2846722e-01   1.5573005e+00   1.4435946e+00
  -5.6596998e-01  -4.8574738e-01  -4.2396899e-01   4.7476361e-01   6.7326217e-01   9.1450271e-01  -7.2689832e-01  -1.0285113e+00  -1.3372699e+00
  -7.9331208e-01  -6.6176570e-01  -5.9271605e-01   7.4740853e-01   2.3359957e-01   1.0806849e+00  -4.0915420e-01  -4.1264578e-01  -5.6975153e-01
   2.6176459e-01   2.7891005e-01   4.4449556e-02  -7.0100179e-01   1.4358877e+00  -8.5943501e-01  -1.1086735e+00  -8.2455774e-01  -1.4686290e+00
   2.7491709e-01   4.8933357e-01   4.6631719e-01  -7.1224866e-01  -2.3184594e-01  -9.8056506e-01   3.5144916e-01   1.8457846e-02   5.6730250e-01
   3.8823278e-01   7.8358320e-01   8.3775467e-01  -5.6485524e-01  -1.0457168e+00  -7.2879523e-01   7.2116829e-01   9.8509340e-02   6.1551753e-01
  -1.3484480e+00  -1.3518264e+00  -1.4222921e+00  -5.6835830e-01   3.3274267e-01  -6.6434246e-01  -9.9065810e-01  -1.0115921e+00  -1.8374013e+00
  -5.2061048e-01  -5.6893778e-01  -6.3247828e-01   5.6279034e-01  -5.8461588e-01   4.5616765e-01   8.3154821e-01   1.3115437e+00   6.6530712e-01
   7.2924957e-01   4.8881228e-01   4.5855871e-01  -9.2228865e-01  -2.0178963e-01  -1.1308913e+00   2.1869856e-01  -4.7796042e-01  -8.6979884e-01
   6.4770085e-01   1.0950354e+00   1.2014337e+00  -6.3555959e-01  -1.0279109e+00  -8.3294496e-01   1.0959778e+00   6.2674121e-01   9.3207627e-01
   1.9253367e-01  -1.3434647e-01  -3.6481054e-01   1.0610603e-01   7.9320253e-01   2.1070588e-01   2.5419695e-01   2.2634874e-01   1.5662782e-01
  -2.4721606e-02   1.2070463e-01   2.0737775e-01  -9.2893160e-01   1.3864942e+00  -7.6954036e-01  -7.6507584e-01  -1.0923185e+00  -1.2970971e+00
  -3.5808029e-01  -2.5245064e-01  -3.1632001e-01  -1.1170907e+00   1.2493890e+00  -1.3010566e+00  -3.9361528e-01   2.2661873e-01   5.2061431e-01
   3.6662274e+00   3.7036132e+00   3.6472961e+00   2.9283135e-01   3.1700228e-01   2.8827028e-01   2.7021127e+00   1.4651220e+00   2.9969834e-01
   3.7958804e+00   3.8022261e+00   3.7597942e+00   3.8555658e-01  -5.0456068e-01   3.8050902e-01   3.1512679e+00   1.9728123e+00   5.8567240e-01
   9.1877358e-01   5.1851314e-01   2.9563052e-01   5.1388744e-01   3.8331135e-01   1.0848776e+00   5.7013411e-02   1.8465807e-01  -6.1768743e-01
  -1.2914376e+00  -1.2023507e+00  -1.1668440e+00   1.2158986e-01  -5.4081344e-01   1.6318458e-02   2.7884489e-01   9.7475597e-01   1.5188396e+00
   1.8718572e+00   1.2069223e+00   1.0171696e+00   1.1294466e+00  -1.9990432e+00   1.3415833e+00   3.3938626e+00   2.6626321e+00   1.5942993e+00
   1.0688806e+00   7.4189264e-01   6.7676610e-01   6.4898610e-01  -3.3812774e+00   8.3541371e-01   3.0439690e+00   3.1122749e+00   2.3687935e+00
  -1.8739766e-01  -1.3522377e-01  -1.3884466e-01  -1.1064415e+00   7.4655115e-01  -8.6023543e-01  -7.2261172e-01  -1.0420557e+00  -1.0730057e+00
   5.6034979e-01   2.8318210e-01   1.5112873e-01   1.0288565e+00   1.2414120e+00   1.0059792e+00  -8.5991684e-01  -8.8899492e-01  -8.6822428e-01
   1.9619619e+00   2.8212075e+00   3.1478437e+00   4.0963162e-01  -1.8084847e+00   3.7822211e-01   3.7751019e+00   4.1544517e+00   4.6342905e-01
  -1.1937461e+00  -1.0250037e+00  -9.8548936e-01  -1.5148632e-01  -2.0691772e-01  -4.3929137e-01  -3.7271811e-01  -5.7116345e-02   9.5673139e-02
  -1.0481042e+00  -4.9766079e-01  -2.9692380e-01   1.6109323e+00  -7.9201869e-01   1.3734095e+00   5.3858598e-01   1.1388188e+00   1.8805358e+00
   3.4148956e+00   3.4228154e+00   3.6230509e+00   1.4975055e-01  -5.2514427e-01   7.4870167e-01   2.8091437e+00   1.4510826e+00  -1.6076593e-01
  -3.2541380e-01   3.3529847e-01   3.7224556e-01  -1.2328166e+00   9.5666044e-01  -1.4813414e+00  -3.9950935e-01   6.1025982e-02   5.2319087e-01
  -3.4174623e-01   2.7068383e-01   2.8399279e-01  -1.2667161e+00   8.7048002e-01  -1.4907368e+00  -5.8570848e-01  -4.4821672e-01  -2.1084181e-01
  -7.6180855e-02  -4.4025522e-01  -4.2105956e-01   7.8303309e-01   2.5924003e-01   9.6805455e-01  -4.0908577e-02  -4.1464819e-01  -6.2819168e-01
  -1.3074387e-01   4.7687345e-01   4.5855871e-01  -1.2742178e+00   7.5011232e-01  -1.5335401e+00  -2.3259991e-01   5.7544346e-01   5.2433601e-01
  -7.4430430e-02   8.3947264e-02   7.2574065e-02   4.6220025e-01  -1.4067987e-01   4.6512472e-01   1.0031461e+00   1.7939001e+00   1.8331558e+00
  -5.3766334e-01  -6.3448057e-01  -5.8592737e-01   1.7382720e+00  -9.4878159e-01   1.3920859e+00   7.0094091e-01   5.5388940e-01   1.0051026e+00
   1.1453158e+00   5.3478759e-01   4.0618893e-01   4.6449653e-01  -5.8418854e-01   7.1897183e-01   1.1342892e+00   2.6430458e-01  -3.8479047e-01
  -1.4786496e+00  -1.5582907e+00  -1.5161698e+00   1.4791286e+00  -8.5063562e-01   1.1294723e+00  -1.1766549e-01   1.8346562e-01   3.4225579e+00
   1.4749264e-01  -3.9922581e-01  -4.5500293e-01   8.1221140e-01  -1.2736108e-01   9.1278753e-01   8.1145478e-01   1.5326865e+00   3.9414827e-01
  -4.6441860e-01  -6.2046929e-01  -5.8980661e-01   1.9777892e+00  -1.8944515e+00   1.6861446e+00   1.5317373e+00   1.7602866e+00   2.3261133e+00
   4.7759758e-02   2.8793729e-01   2.9950976e-01   1.8899922e-01   8.7496710e-01  -6.4104575e-02  -3.6186765e-01  -4.4331193e-01  -1.0308719e+00
  -6.6011771e-01  -9.2480145e-01  -9.0111584e-01   1.8627631e+00  -4.3860773e-01   1.6527938e+00   6.6316526e-01   1.9925664e+00   1.0652808e-01
  -1.3093836e-01  -1.8702833e+00  -1.7546462e+00   1.9777892e+00  -1.0140935e+00   1.6861446e+00  -7.7391695e-01   6.5405501e-01   8.9843788e-01
  -3.0142001e-01  -1.3537634e-01  -1.4369371e-01   1.0864641e+00   4.4477722e-01   8.3179277e-01  -3.8129130e-01  -4.3770968e-01  -7.7536323e-01
  -1.2347271e+00  -1.1562597e+00  -1.1910892e+00   4.3697518e-01  -7.8322259e-01   4.2300745e-01  -1.8665293e-01   7.7278232e-01  -6.1020349e-01
  -1.2002251e-01  -4.5249920e-01  -4.2687842e-01   1.9349920e+00  -9.4130312e-01   1.6731854e+00   5.9136473e-01   1.5613278e+00   1.6746498e+00
   4.0457008e-01   8.9487245e-01   9.8807533e-01  -5.5233728e-01  -8.8119050e-01  -7.2595565e-01   9.0642973e-01   6.0588462e-01   1.0055320e+00
   1.5188491e-01  -2.7878219e-01  -2.2903705e-01   1.1058974e+00  -8.8076316e-01   7.4241267e-01   8.0596257e-01   1.5537906e+00   2.8975843e+00
  -1.8774937e-01  -1.5833857e-01  -2.1061065e-01  -2.2481609e-01  -3.3604590e-01   1.8154777e-01  -3.3360289e-01  -5.1967359e-01  -5.6439197e-02
  -8.6109242e-01  -1.3146030e-01   7.1604254e-02  -1.1526244e+00   8.8365636e-01  -1.2935860e+00  -5.8825365e-01  -4.3336737e-01  -8.2957830e-01
   3.6670904e-01   1.1649616e-01  -1.6648516e-02   3.4002812e-01   3.4983631e-01   7.5746817e-01  -1.6294268e-01  -3.7558990e-01  -5.2270550e-01
  -1.4214147e+00  -1.3895997e+00  -1.3533385e+00   1.6353629e+00  -1.4029738e+00   1.5740859e+00   2.5781377e-01   7.9377390e-01  -5.3126301e-01
  -8.2076781e-01  -2.3192958e-01  -3.0225865e-02   8.2154408e-01  -4.6154169e-01   8.5428073e-01   5.4448005e-01   1.1358939e+00   1.4557139e+00
   1.2304870e+00   5.8067390e-01   4.2752477e-01   1.6153546e+00  -1.2699995e+00   1.4475435e+00   3.0424954e+00   3.4501426e+00   2.5491287e+00
   1.7738966e+00   1.4669574e+00   1.2974449e+00   1.2305777e+00   9.4918198e-01   1.1832147e+00   7.8514825e-03  -8.9529464e-01  -8.7369946e-01
   1.2859454e-01   9.4016118e-01   1.1160903e+00   2.1913464e-01  -6.7797092e-03   1.0493626e-01   1.1504979e+00   1.7556968e+00   7.0250021e-01
  -9.3478854e-01  -4.3544917e-01  -2.3097667e-01   7.6574476e-01  -1.0283382e+00   6.6008388e-01   1.1442020e+00   1.8721067e+00   1.8257362e+00
  -1.0564836e+00  -1.0983913e+00  -9.3602902e-01   1.9777892e+00  -2.0761782e+00   1.6861446e+00   1.3539774e+00   1.9651626e+00   3.8368350e+00
   1.3316875e+00   9.2515818e-01   8.3193581e-01   1.0589692e+00  -3.0504443e+00   1.2055121e+00   3.0273584e+00   3.0684918e+00   2.2276554e+00
  -1.3281844e-01  -4.7665658e-01  -5.6362173e-01   3.4225252e-01   1.3604976e+00   4.8723153e-01  -2.6367775e-01   1.8857290e-01  -7.6215837e-01
  -5.7741824e-01  -5.8639467e-01  -6.5866317e-01  -7.9071575e-01   1.0837944e+00  -7.9761219e-01  -2.5657807e-01   1.9075530e-01  -7.2209051e-01
   5.3303181e-01   1.1845418e-01   6.2875958e-02  -1.0002337e+00   4.1521947e-01  -1.2783018e+00   2.6143059e-01  -7.2775659e-02   8.3671978e-01
  -5.9467539e-02  -3.2215105e-01  -2.7073891e-01   6.0105922e-01  -3.6845259e-01   6.6027445e-01   4.0168274e-01   6.6539452e-01  -2.7840965e-01
   2.2609401e-01   4.7392370e-01   4.3528325e-01   2.8526913e-01   8.8778733e-01  -4.0473163e-02  -3.8330065e-01  -3.7957223e-01  -1.0836197e+00
  -2.2004795e-01  -3.5987783e-02  -4.9622078e-02  -4.4343970e-01   3.7437280e-01  -4.0282587e-02  -7.9722533e-01  -9.6045179e-01  -2.9434375e-01
   8.0433544e-02   6.9267516e-01   6.2730576e-01  -1.5419758e+00   8.6524509e-01  -1.6523070e+00  -1.1589071e+00  -9.9152293e-01  -1.1750828e+00
  -1.7071602e-02   6.2745022e-01   6.2148690e-01  -1.2661070e+00   9.5879715e-01  -1.4251787e+00  -5.5878328e-01  -3.3784867e-02  -1.9597889e-01
   2.2609401e-01   4.5635238e-01   4.1200779e-01   7.2766882e-01   1.1361436e+00   5.2001058e-01  -8.3258977e-01  -9.9618023e-01  -1.0996564e+00
   1.1499545e+00   8.3135125e-01   7.8150566e-01   9.6170818e-01  -1.7604089e+00   9.0497392e-01   3.1855607e+00   3.1361463e+00   1.0034326e+00
   3.8645805e-01   5.2796955e-02   1.2979289e-01   1.9448922e+00  -6.9273314e-01   1.6754723e+00   6.3449863e-01   8.9081215e-01   1.0669638e+00
  -8.2111628e-01  -2.5798141e-01  -2.6346622e-02   6.4140875e-01  -8.8624737e-01   6.7361477e-01   1.1523733e+00   1.8645920e+00   1.5678419e+00
   5.0190505e-01   9.3967803e-01   1.0016527e+00  -6.0589327e-01  -8.9009343e-01  -7.7085533e-01   9.0013379e-01   6.2613374e-01   9.3758725e-01
   8.3948582e-01   1.1111192e+00   1.1820375e+00   1.6575767e+00   1.4953237e+00   1.5207247e+00  -8.6058662e-01  -8.9536214e-01  -9.0690604e-01
   1.1745706e+00   1.1494785e+00   1.1413054e+00   4.2443452e-01  -2.7213918e+00   6.2597079e-01   2.5989664e+00   2.5153535e+00   1.8470644e+00
  -3.0907650e-01   2.8133851e-01   3.5090972e-01  -1.2784056e+00   6.9883141e-01  -1.5000750e+00  -5.3681446e-01  -5.7173631e-01  -3.6948015e-02
   7.7652401e-01   8.8157317e-01   7.4853209e-01   3.7199451e-01   6.3579862e-01   3.4944515e-01   6.5325250e-01   2.2657373e-01   1.3724288e-02
  -1.6484351e+00  -1.5003562e+00  -1.4701037e+00  -2.2047698e-01  -7.0890087e-01  -2.0303441e-01  -5.7003560e-01  -3.9889888e-01   9.9851807e-01
  -1.1440657e-01   4.6047185e-01   4.8959265e-01  -1.3195798e+00   4.4598802e-01  -1.5504061e+00  -3.6990503e-01  -5.7498828e-02   3.4896282e-03
  -1.2914376e+00  -7.6836333e-01  -6.0823302e-01   3.6566932e-01  -6.4992783e-01   9.1405366e-02   3.6645225e-01   9.7340603e-01   1.9525363e+00
  -1.0639999e-01   2.6470806e-01   2.6265695e-01  -8.7359381e-01   6.3280723e-01  -1.0168698e+00   9.1708069e-02   5.9652503e-01   3.3784571e-01
  -4.9413942e-02   2.9645594e-01   2.9466071e-01  -1.2062977e+00   9.1713140e-01  -1.3664622e+00  -4.3634731e-01  -5.8449325e-01  -3.7558882e-01
  -1.5576035e-01   5.6890995e-02  -5.2531510e-02  -5.5573063e-01   6.5182390e-01  -6.5607146e-01  -2.9167460e-01  -3.5077349e-01  -6.8182941e-01
   1.1985417e+00   8.1917084e-01   7.6113963e-01   8.7665489e-01  -4.2027692e+00   1.0804943e+00   3.4895073e+00   3.6216076e+00   2.7422274e+00
   2.1757447e-01   1.5966953e+00   2.1285727e+00  -2.8453838e-01   4.0396616e-01  -1.7025536e-01  -5.6494527e-01  -9.7703356e-01  -4.0008282e-01
   1.7704727e-01   1.4725232e-01   1.2397403e-01   2.1496577e-01  -1.4435000e+00   4.4149331e-01   6.7870418e-01   2.7622906e-01  -4.2134658e-01
  -1.0804304e+00  -1.0105474e+00  -9.7579126e-01  -3.9617863e-01  -3.0760878e-03   1.5162735e-01  -5.2020389e-01  -4.5348149e-01  -5.2123590e-01
  -8.0471091e-01  -2.7489158e-01  -2.0964084e-01   6.4715513e-01  -8.6755120e-01   5.0457394e-01   5.0201594e-01   1.3309829e+00   7.7514482e-01
  -5.8505204e-01   2.1805888e-01   3.3151351e-01  -1.1509032e+00   3.5161689e-01  -1.1096993e+00  -9.7096653e-01  -9.5070972e-01  -1.1868872e+00
   4.6891839e-02  -1.4183526e-01  -3.5608225e-01  -6.0399799e-01   7.7325995e-01  -6.1589806e-01   4.7704897e-03   2.7485662e-01   9.0561884e-01
  -7.0589220e-02  -1.1887303e-01  -1.7278803e-01  -3.6541145e-01   9.6043529e-01  -3.1164362e-01  -9.7351170e-01  -9.6738149e-01  -1.2041335e+00
  -3.3733053e-02  -5.0978074e-02  -1.6308993e-01  -9.0624114e-01  -2.2173220e-01  -6.2891440e-01  -6.9260553e-01  -9.6695401e-01  -1.0730057e+00
  -5.8541671e-01   4.9618352e-02   2.9950976e-01   7.8982358e-01  -5.3810695e-01   7.4832052e-01   8.4360427e-01   1.1097276e+00   1.4914040e+00
   1.0318462e+00   2.1302397e-01   2.3162301e-01   1.1870315e+00  -5.7578417e-01   9.5795402e-01   9.8774115e-01   8.8838225e-01   1.2659791e+00
   5.7427215e-01   5.9758407e-01   5.1480772e-01   1.3772712e+00  -5.7795649e-01   1.4666011e+00   6.6182569e-01   1.3869258e-01   2.6322096e-01
   3.8823278e-01   8.7114735e-01   9.5704138e-01  -5.4712430e-01  -1.0749184e+00  -7.1814204e-01   9.0013379e-01   6.2631373e-01   1.0561328e+00
   3.7189548e-01   7.6629160e-01   8.1738865e-01  -5.5863220e-01  -1.2394447e+00  -7.2094350e-01   7.1326488e-01   1.1878095e-01   6.7384793e-01
  -2.2029917e-01  -3.1871816e-01  -2.6588985e-01   5.6810547e-01   5.4071526e-01   8.5599591e-01  -1.6796460e-02  -4.1797804e-01   2.1536353e-03
   1.5602995e-02   2.8411025e-01   2.3259282e-01  -1.3782920e+00   9.6770008e-01  -1.5919516e+00  -7.2502294e-01  -1.0811815e+00  -1.0441411e+00
  -4.3107949e-01  -4.0063711e-01  -4.3948596e-01  -4.2683988e-01   2.9064959e-01  -4.6296089e-01  -3.3346894e-01  -1.1136147e-01  -3.3834563e-01
   1.7675675e+00   2.2682578e+00   2.2963499e+00  -2.9533129e-01   1.1085801e+00  -3.6445221e-01   1.2939650e+00   9.9900991e-01   1.9775731e-01
   1.2882915e+00   1.3609828e+00   1.3517543e+00   7.5321545e-01  -1.0332526e+00   8.8420115e-01   2.1678953e+00   1.7248956e+00   7.8370949e-01
   9.6276510e-02   5.3572534e-02  -8.6474883e-02  -7.2235307e-01   2.4713203e-01  -4.0883734e-01  -1.5584300e-01  -3.8308207e-01   6.3418453e-02
  -5.5377130e-01  -7.8692637e-01  -7.4691594e-01   1.9777892e+00  -1.6090233e+00   1.6861446e+00   1.6934225e+00   1.6578711e+00   1.9033431e+00
   4.1362651e+00   3.9082770e+00   3.8868394e+00   4.3379367e-01  -1.9602052e-01   6.7437707e-01   3.2707568e+00   2.4279223e+00   1.1284195e+00
  -1.4134568e+00  -1.4121220e+00  -1.3943615e+00   3.0802390e-01  -1.4231801e-01   2.4901164e-01  -1.5088662e-01   1.8357812e-01   1.4462427e+00
   4.7409673e-02   1.0849879e-01   5.6087284e-02   1.0457098e+00  -7.0809627e-02   7.6318544e-01  -2.8202975e-01  -5.1920111e-01  -2.2646815e-01
   8.4305960e-01   9.5354946e-01   8.8042634e-01  -7.4414318e-01   1.0124284e+00  -6.9696905e-01  -2.4412015e-01  -1.0810240e+00  -8.8078023e-01
   1.2929957e-01   5.2240375e-01   4.4789079e-01  -1.2160881e+00   1.2864252e+00  -1.4519546e+00  -4.5161831e-01   8.2985020e-02  -3.3988679e-01
   6.9571597e-01   3.9300919e-01   2.6750601e-01   1.4088442e+00  -1.6386167e+00   1.3598786e+00   6.6838955e-01   1.0177516e+00   9.5271259e-01
   1.7822517e+00   1.5512667e+00   1.4050939e+00   7.7456294e-01   1.7631952e+00   9.6157496e-01  -9.9045572e-02  -8.8296518e-01  -1.0225124e+00
  -9.8419354e-02   2.9629065e-01   3.0726824e-01  -1.0523635e+00   6.4648214e-01  -1.0591586e+00  -5.6628483e-01  -1.0610674e+00  -8.3076876e-01
  -1.9540423e-01  -1.1309109e-02  -6.6108859e-02  -1.2830360e+00   6.8066942e-01  -1.5304718e+00  -5.3601072e-01  -5.7115134e-01  -1.1717916e-01
   1.0688806e+00   7.4189264e-01   6.7676610e-01   6.4898610e-01  -3.3812774e+00   8.3541371e-01   3.0439690e+00   3.1122749e+00   2.3687935e+00
  -1.0727480e+00  -1.1732957e+00  -1.1784817e+00   1.9777892e+00  -5.0409773e-01   1.6861446e+00  -1.9107349e-01  -4.6846583e-01  -8.3063627e-02
  -1.1779193e+00  -1.3311185e+00  -1.3575087e+00   1.7728903e+00  -8.9732262e-01   1.6630849e+00   6.7669483e-01   1.4037447e+00   1.5052888e+00
  -9.2660035e-03  -4.0895546e-02  -1.2769273e-02   2.4260818e-01   1.0221861e+00   3.2505143e-01  -6.1671790e-02   2.6185219e-01  -2.3529525e-01
  -3.4194721e-01  -4.2986755e-01  -3.7838789e-01   9.3130321e-02   1.2034498e+00   3.0180117e-01  -5.2160899e-02   2.1422177e-01  -1.4203817e-01
   6.6368158e-01   1.0333705e+00   1.1413054e+00  -3.2517541e-01  -1.6578114e+00  -5.4925367e-01   1.5370956e+00   1.1393138e+00   1.2210563e+00
  -4.8035881e-01  -6.1010705e-01  -7.2267067e-01   6.7434737e-01  -9.3435883e-01   5.2572786e-01   1.7645532e+00   2.4746078e+00   1.5497821e+00
   5.5192182e-01   5.3877680e-02   1.2106460e-01   1.9447711e+00  -8.3624848e-01   1.6760440e+00   5.8801582e-01   1.6011735e+00   1.2994743e+00
   6.4732362e+00   6.6429309e+00   7.1454032e+00   7.8962968e-02  -4.0669961e-01   5.7222838e-01   5.3718599e+00   2.2977430e+00  -6.0855258e-01
   1.1512802e+00   1.2990763e+00   1.3294487e+00  -7.8042976e-01   9.1463858e-01  -4.4761953e-01  -4.2563081e-01  -1.0143369e+00  -6.3575435e-01
  -3.4105828e-02  -1.9537565e-01  -3.4929357e-01  -6.1291831e-01   5.4213973e-01  -5.7942183e-01  -2.6515127e-01  -3.7219255e-01  -4.0028799e-01
   3.3960177e-01   2.0372974e-01   2.5053343e-02  -5.9390871e-01  -4.4029595e-02  -6.0800822e-01   8.7421471e-02   4.0326888e-02   1.2756997e-01
  -3.6708363e-01  -3.9055458e-01  -3.2795774e-01   1.5756709e+00  -1.3118789e+00   1.4717467e+00   1.4757436e+00   3.6547054e-02   6.7678234e-01
